5.334796900002957143e-01
5.358318943055385697e-01
5.345773876451747064e-01
5.359887069849753605e-01
5.331660617999901541e-01
5.336365062595629372e-01
5.331660625337152348e-01
5.380272838283112202e-01
5.424180629486310412e-01
5.319115548685685591e-01
5.352046400453485120e-01
5.471224690775372546e-01
5.421044390945949365e-01
5.433589402216438824e-01
5.494746743221351482e-01
5.507291816554698016e-01
5.479065348721792184e-01
5.493178585769428190e-01
5.546495184566377912e-01
5.557472138582809640e-01
5.618629470848449659e-01
5.613925040833755986e-01
5.612356886419548330e-01
5.704876870426317526e-01
5.676650443438996385e-01
5.736239595867089758e-01
5.653128433567763400e-01
5.784851780725868142e-01
5.824055214071789388e-01
5.883644294903273009e-01
5.880508106508579580e-01
5.875803643733296111e-01
5.971459951616855388e-01
5.996550112584176917e-01
6.059275532808164888e-01
6.029480925936562263e-01
6.093774492770167583e-01
6.122000950788917262e-01
6.161204328147411591e-01
6.184726345776502265e-01
6.181590120415151324e-01
6.200407737752421378e-01
6.332131118559063410e-01
6.267837527330268887e-01
6.325858548384055702e-01
6.408969745266600571e-01
6.474831460298781094e-01
6.451309444165180818e-01
6.514034835040167781e-01
6.559510793322509414e-01
