6.914471011466883921e-01
6.903672703702902202e-01
6.902087121169095951e-01
6.899239877950104072e-01
6.901187335358754948e-01
6.893501801982052646e-01
6.892905301746388158e-01
6.892902538266809653e-01
6.887500317414128048e-01
6.885225990825412090e-01
6.886244315384734138e-01
6.872491230780715110e-01
6.874495911452395136e-01
6.867598798350890155e-01
6.858931749577766857e-01
6.851882467229519769e-01
6.851063726164058343e-01
6.835198677761981090e-01
6.831907562576193804e-01
6.819996727621441268e-01
6.821578510207256807e-01
6.798607703939171243e-01
6.803459823926040206e-01
6.771663985918621176e-01
6.762209858512250316e-01
6.747384398769057379e-01
6.772263239913175470e-01
6.733651051742634008e-01
6.704298717317226375e-01
6.672088184550355461e-01
6.675290103352741200e-01
6.652114811933618199e-01
6.660540492272553070e-01
6.603077533889268880e-01
6.569054360409898319e-01
6.582575935227231723e-01
6.524347114548033622e-01
6.532153189322483788e-01
6.489849422855475947e-01
6.452378085718757372e-01
6.446019691211107849e-01
6.428708794798543291e-01
6.386449181941940001e-01
6.378014848414345073e-01
6.370637664717155868e-01
6.304239086153665683e-01
6.254201920518162039e-01
6.240618838698620552e-01
6.214983160357051561e-01
6.205845807756547039e-01
